"btb.data" <- 
structure(.Data = list(structure(.Data = c(1, 2, 2, 1, 2, 2, 2, 1, 2, 2, 1, 2, 1, 2, 2, 1, 1, 1, 1, 2, 1, 1, 1, 1, 1, 1, 2, 2, 2, 1, 1, 1, 2, 2, 2, 1, 1,
	2, 2, 2, 2, 1, 2, 1, 2, 1, 2, 1, 2, 1, 1, 1, 1, 2, 2, 2, 1, 1, 2, 1, 1, 1, 1, 1, 1, 1, 2, 2, 1, 1, 1, 1,
	1, 1, 1, 2, 1, 2, 1, 1, 1, 2, 1, 2, 2, 1, 2, 2, 2, 1, 1, 2, 2, 1, 1, 2, 2, 1, 1, 2)
, levels = c("No", "Yes")
, class = "factor"
)
, structure(.Data = c(2, 2, 1, 2, 2, 1, 1, 2, 1, 2, 2, 1, 2, 2, 2, 1, 2, 1, 2, 1, 2, 1, 2, 2, 2, 2, 1, 2, 2, 1, 1, 1, 1, 1, 2, 1, 1,
	2, 1, 2, 1, 1, 2, 2, 2, 1, 1, 1, 1, 2, 1, 1, 2, 1, 1, 1, 1, 1, 1, 2, 2, 2, 1, 2, 2, 2, 1, 1, 1, 1, 1, 2,
	2, 1, 2, 2, 2, 2, 1, 2, 2, 2, 2, 1, 2, 2, 2, 2, 1, 1, 1, 1, 1, 2, 2, 2, 1, 2, 1, 1)
, levels = c("<6m", ">6m")
, class = "factor"
)
, structure(.Data = c(1, 2, 1, 2, 2, 2, 1, 1, 2, 2, 1, 2, 1, 1, 2, 1, 2, 2, 1, 2, 2, 1, 1, 1, 1, 2, 1, 1, 2, 2, 1, 2, 2, 2, 2, 1, 1,
	1, 2, 1, 2, 1, 1, 2, 2, 2, 2, 2, 2, 1, 1, 2, 1, 2, 1, 2, 1, 1, 2, 2, 1, 1, 1, 1, 2, 1, 1, 2, 1, 2, 2, 2,
	1, 1, 1, 2, 2, 2, 1, 1, 1, 2, 1, 1, 2, 2, 2, 1, 2, 2, 1, 2, 2, 2, 2, 2, 1, 2, 1, 1)
, levels = c("TAU", "BtheB")
, class = "factor"
)
, c(29., 32., 25., 21., 26., 7., 17., 20., 18., 20., 30., 49., 26., 30., 23., 16., 30., 13., 37., 35., 21., 26.,
	29., 20., 33., 19., 12., 47., 36., 10., 27., 18., 11., 6., 44., 38., 21., 34., 9., 38., 46., 20., 17.,
	18., 42., 30., 33., 12., 2., 36., 35., 23., 31., 8., 23., 7., 14., 40., 23., 14., 22., 23., 15., 8., 12.,
	7., 17., 33., 27., 27., 9., 40., 11., 9., 14., 28., 15., 22., 23., 21., 27., 14., 10., 21., 46., 36., 23.,
	35., 33., 19., 16., 30., 17., 19., 16., 16., 28., 11., 13., 43.)
, c(2., 16., 20., 17., 23., 0., 7., 20., 13., 5., 32., 35., 27., 26., 13., 13., 30., 8., 30., 12., 6., 17., 22.,
	21., 23., 12., 15., 36., 6., 8., 7., 10., 8., 7., 24., 38., 14., 17., 7., 27., 40., 19., 29., 20., 1.,
	30., 27., 1., 5., 42., 30., 20., 48., 5., 21., 7., 13., 36., 30., 3., 20., 23., 7., 12., 18., 6., 9., 18.,
	20., 30., 6., 30., 8., 8., 22., 9., 9., 10., 9., 22., 31., 15., 13., 9., 36., 14., 17., 0., 13., 4., NA,
	26., 8., 4., 11., 16., NA, 22., 5., NA)
, c(2., 24., NA, 16., NA, 0., 7., 21., 14., 5., 24., NA, 23., 36., 13., 3., 29., 8., 33., 10., NA, 17., 10., NA,
	NA, 13., NA, 49., 0., 6., 15., 10., 3., NA, 20., NA, 20., 8., 1., 19., NA, 18., 2., NA, 8., NA, 16., 0.,
	NA, 49., NA, NA, 38., 7., 26., 5., 14., 33., NA, NA, 16., 15., 13., 11., NA, 2., 3., 16., NA, NA, 10.,
	12., 7., NA, 21., 20., 13., 5., NA, 24., 28., NA, 12., 6., 53., 7., NA, 6., 13., 27., NA, 28., 7., 3.,
	4., 10., NA, 9., 5., NA)
, c(NA, 17., NA, 10., NA, 0., 3., 19., 20., 8., 12., NA, NA, 27., 12., 2., NA, 7., 31., 8., NA, 20., NA, NA, NA,
	NA, NA, 34., 0., 3., 16., 6., 2., NA, 29., NA, 1., 9., NA, 20., NA, 19., 0., NA, 10., NA, 30., 0., NA,
	47., NA, NA, 38., NA, NA, 4., NA, NA, NA, NA, 24., 25., 13., 26., NA, 1., 1., NA, NA, NA, 1., NA, NA, NA,
	24., 18., 14., 5., NA, 23., 22., NA, 8., 7., NA, 15., NA, 0., 10., 1., NA, NA, 12., 3., 2., 10., NA, 11.,
	0., NA)
, c(NA, 20., NA, 9., NA, 0., 7., 13., 11., 12., 2., NA, NA, 22., 23., 0., NA, 6., 22., 10., NA, 12., NA, NA, NA,
	NA, NA, NA, 2., 3., 0., 8., 15., NA, 14., NA, 8., 13., NA, 30., NA, 18., 0., NA, 6., NA, 15., NA, NA, 40.,
	NA, NA, 37., NA, NA, 0., NA, NA, NA, NA, 16., 17., NA, NA, NA, NA, 0., NA, NA, NA, 0., NA, NA, NA, 19.,
	13., 10., 12., NA, 22., 14., NA, 20., 1., NA, 15., NA, 1., 8., 2., NA, NA, NA, 3., 3., 8., NA, 11., 6.,
	NA)
)
, names = c("Drug", "Length", "Treatment", "BDIpre", "BDI2m", "BDI4m", "BDI6m", "BDI8m")
, row.names = c("1", "2", "3", "4", "5", "6", "7", "8", "9", "10", "11", "12", "13", "14", "15", "16", "17", "18", "19", "20",
	"21", "22", "23", "24", "25", "26", "27", "28", "29", "30", "31", "32", "33", "34", "35", "36", "37", "38",
	"39", "40", "41", "42", "43", "44", "45", "46", "47", "48", "49", "50", "51", "52", "53", "54", "55", "56",
	"57", "58", "59", "60", "61", "62", "63", "64", "65", "66", "67", "68", "69", "70", "71", "72", "73", "74",
	"75", "76", "77", "78", "79", "80", "81", "82", "83", "84", "85", "86", "87", "88", "89", "90", "91", "92",
	"93", "94", "95", "96", "97", "98", "99", "100")
, class = "data.frame"
)

